HF:
  x: -2.01111
  y: 1.16279

  theta: -61.4373

HL:
  x: -55.107
  y: -0.7417817154

  theta: -55.874

HR:
  x: 55.107
  y: -0.7417817154

  theta: 55.874
