HF:
  x: 2.01111
  y: 1.16279
