HF:
  x: -2.01111
  y: 1.16279

  theta: -61.4373

HL:
  x: -55.107
  y: -0.7417817154

  theta: -55.874

HR:
  x: 55.107
  y: -0.7417817154

  theta: 55.874

HB:
  # SPEC the center of M15 and M24
  length: 76.84367583

  theta: 0.

LR:
  x: 24.16799
  y: 1.744158

  theta: 0.
