HF:
  x: 2.01111
  y: 1.16279

  theta: 61.4373
